P=[20	2.5	6	14.9	 16.5	6	14.9	 16.5
15	2.5	6	14.9	 16.5	6	14.9	 16.5
25	2.5	6	14.9	 16.5	6	14.9	 16.5
20	1	6	14.9	 16.5	6	14.9  16.5
20	4	6	14.9	 16.5	6	14.9	 16.5
20	2.5	2	14.9  16.5	6	14.9	 16.5
20	2.5	10	14.9	 16.5	6	14.9	 16.5
20	2.5	6	10	16.5 	6	14.9	 16.5
20	2.5	6	19.8	16.5	6	14.9	16.5
20	2.5	6	14.9	10	6	14.9	16.5
20	2.5	6	14.9	23	6	14.9	16.5
20	2.5	6	14.9	16.5	2	14.9	16.5
20	2.5	6	14.9	16.5	10	14.9	16.5
20	2.5	6	14.9	16.5	6	10	16.5
20	2.5	6	14.9	16.5	6	19.8	16.5
20	2.5	6	14.9	16.5	6	14.9	10
20	2.5	6	14.9	16.5	6	14.9	23
17.51238947	1.75371684	4.009911573	12.46214168	13.26610631	4.009911573	12.46214168	19.73389369
22.48761053	1.75371684	4.009911573	12.46214168	13.26610631	4.009911573	12.46214168	13.26610631
17.51238947	3.24628316	4.009911573	12.46214168	13.26610631	4.009911573	17.33785832	19.73389369
22.48761053	3.24628316	4.009911573	12.46214168	13.26610631	4.009911573	17.33785832	13.26610631
17.51238947	1.75371684	7.990088427	12.46214168	13.26610631	4.009911573	17.33785832	19.73389369
22.48761053	1.75371684	7.990088427	12.46214168	13.26610631	4.009911573	17.33785832	13.26610631
17.51238947	3.24628316	7.990088427	12.46214168	13.26610631	4.009911573	12.46214168	19.73389369
22.48761053	3.24628316	7.990088427	12.46214168	13.26610631	4.009911573	12.46214168	13.26610631
17.51238947	1.75371684	4.009911573	17.33785832	13.26610631	4.009911573	17.33785832	13.26610631
22.48761053	1.75371684	4.009911573	17.33785832	13.26610631	4.009911573	17.33785832	19.73389369
17.51238947	3.24628316	4.009911573	17.33785832	13.26610631	4.009911573	12.46214168	13.26610631
22.48761053	3.24628316	4.009911573	17.33785832	13.26610631	4.009911573	12.46214168	19.73389369
17.51238947	1.75371684	7.990088427	17.33785832	13.26610631	4.009911573	12.46214168	13.26610631
22.48761053	1.75371684	7.990088427	17.33785832	13.26610631	4.009911573	12.46214168	19.73389369
17.51238947	3.24628316	7.990088427	17.33785832	13.26610631	4.009911573	17.33785832	13.26610631
22.48761053	3.24628316	7.990088427	17.33785832	13.26610631	4.009911573	17.33785832	19.73389369
17.51238947	1.75371684	4.009911573	12.46214168	19.73389369	4.009911573	17.33785832	13.26610631
22.48761053	1.75371684	4.009911573	12.46214168	19.73389369	4.009911573	17.33785832	19.73389369
17.51238947	3.24628316	4.009911573	12.46214168	19.73389369	4.009911573	12.46214168	13.26610631
22.48761053	3.24628316	4.009911573	12.46214168	19.73389369	4.009911573	12.46214168	19.73389369
17.51238947	1.75371684	7.990088427	12.46214168	19.73389369	4.009911573	12.46214168	13.26610631
22.48761053	1.75371684	7.990088427	12.46214168	19.73389369	4.009911573	12.46214168	19.73389369
17.51238947	3.24628316	7.990088427	12.46214168	19.73389369	4.009911573	17.33785832	13.26610631
22.48761053	3.24628316	7.990088427	12.46214168	19.73389369	4.009911573	17.33785832	19.73389369
17.51238947	1.75371684	4.009911573	17.33785832	19.73389369	4.009911573	12.46214168	19.73389369
22.48761053	1.75371684	4.009911573	17.33785832	19.73389369	4.009911573	12.46214168	13.26610631
17.51238947	3.24628316	4.009911573	17.33785832	19.73389369	4.009911573	17.33785832	19.73389369
22.48761053	3.24628316	4.009911573	17.33785832	19.73389369	4.009911573	17.33785832	13.26610631
17.51238947	1.75371684	7.990088427	17.33785832	19.73389369	4.009911573	17.33785832	19.73389369
22.48761053	1.75371684	7.990088427	17.33785832	19.73389369	4.009911573	17.33785832	13.26610631
17.51238947	3.24628316	7.990088427	17.33785832	19.73389369	4.009911573	12.46214168	19.73389369
22.48761053	3.24628316	7.990088427	17.33785832	19.73389369	4.009911573	12.46214168	13.26610631
17.51238947	1.75371684	4.009911573	12.46214168	13.26610631	7.990088427	17.33785832	13.26610631
22.48761053	1.75371684	4.009911573	12.46214168	13.26610631	7.990088427	17.33785832	19.73389369
17.51238947	3.24628316	4.009911573	12.46214168	13.26610631	7.990088427	12.46214168	13.26610631
22.48761053	3.24628316	4.009911573	12.46214168	13.26610631	7.990088427	12.46214168	19.73389369
17.51238947	1.75371684	7.990088427	12.46214168	13.26610631	7.990088427	12.46214168	13.26610631
22.48761053	1.75371684	7.990088427	12.46214168	13.26610631	7.990088427	12.46214168	19.73389369
17.51238947	3.24628316	7.990088427	12.46214168	13.26610631	7.990088427	17.33785832	13.26610631
22.48761053	3.24628316	7.990088427	12.46214168	13.26610631	7.990088427	17.33785832	19.73389369
17.51238947	1.75371684	4.009911573	17.33785832	13.26610631	7.990088427	12.46214168	19.73389369
22.48761053	1.75371684	4.009911573	17.33785832	13.26610631	7.990088427	12.46214168	13.26610631
17.51238947	3.24628316	4.009911573	17.33785832	13.26610631	7.990088427	17.33785832	19.73389369
22.48761053	3.24628316	4.009911573	17.33785832	13.26610631	7.990088427	17.33785832	13.26610631
17.51238947	1.75371684	7.990088427	17.33785832	13.26610631	7.990088427	17.33785832	19.73389369
22.48761053	1.75371684	7.990088427	17.33785832	13.26610631	7.990088427	17.33785832	13.26610631
17.51238947	3.24628316	7.990088427	17.33785832	13.26610631	7.990088427	12.46214168	19.73389369
22.48761053	3.24628316	7.990088427	17.33785832	13.26610631	7.990088427	12.46214168	13.26610631
17.51238947	1.75371684	4.009911573	12.46214168	19.73389369	7.990088427	12.46214168	19.73389369
22.48761053	1.75371684	4.009911573	12.46214168	19.73389369	7.990088427	12.46214168	13.26610631
17.51238947	3.24628316	4.009911573	12.46214168	19.73389369	7.990088427	17.33785832	19.73389369
22.48761053	3.24628316	4.009911573	12.46214168	19.73389369	7.990088427	17.33785832	13.26610631
17.51238947	1.75371684	7.990088427	12.46214168	19.73389369	7.990088427	17.33785832	19.73389369
22.48761053	1.75371684	7.990088427	12.46214168	19.73389369	7.990088427	17.33785832	13.26610631
17.51238947	3.24628316	7.990088427	12.46214168	19.73389369	7.990088427	12.46214168	19.73389369
22.48761053	3.24628316	7.990088427	12.46214168	19.73389369	7.990088427	12.46214168	13.26610631
17.51238947	1.75371684	4.009911573	17.33785832	19.73389369	7.990088427	17.33785832	13.26610631
22.48761053	1.75371684	4.009911573	17.33785832	19.73389369	7.990088427	17.33785832	19.73389369
17.51238947	3.24628316	4.009911573	17.33785832	19.73389369	7.990088427	12.46214168	13.26610631
22.48761053	3.24628316	4.009911573	17.33785832	19.73389369	7.990088427	12.46214168	19.73389369
17.51238947	1.75371684	7.990088427	17.33785832	19.73389369	7.990088427	12.46214168	13.26610631
22.48761053	1.75371684	7.990088427	17.33785832	19.73389369	7.990088427	12.46214168	19.73389369
17.51238947	3.24628316	7.990088427	17.33785832	19.73389369	7.990088427	17.33785832	13.26610631
22.48761053	3.24628316	7.990088427	17.33785832	19.73389369	7.990088427	17.33785832	19.73389369
]';%注意因为本人做了81组仿真试验，这里的矩阵后面有转置符号，在神经网络模型中，输入P的是8X81的矩阵（把程序复制过来之后格式没对齐，大家自己调整一下啦），对应的下面的输出T的是3x81的矩阵。 
